00000003 1
00000003
00000003 1
00000003
00000001 1
00000003
00000001
00000003
00000002 0
00000003
00000003
00000001 0
00000003
00000001
00000001
00000003 0
00000001 0
00000001
00000002 1
00000002 0
00000001
00000001 0
00000002 0
00000002
00000001 1
00000003 0
00000003
00000003 1
00000001
00000003 0
00000003 1
00000003
00000003 1
00000003
00000001 1
00000003
00000001
00000003
00000002 0
00000003
00000003
00000001 0
00000003
00000001
00000001
00000003 0
00000001 0
00000001
00000002 1
00000002 0
00000001
00000001 0
00000002 0
00000002
00000001 1
00000003 0
00000003
00000003 1
00000001
00000003 0